[Driver]
Brand=Dayton
Model=SD270A-88
Manufacturer=Dayton Audio
ProvidedBy=User
Comment=
DateAdded=20211025
DateModified=20211025
Qts=0.432975871313673
Znom=4
Fs=26.1904064355588
Pe=80
SPL=87.9596375518874
Re=3.16
Le=0.00112
fLe=0
KLe=0
BL=7.74653520529482
Xmax=0.006
Cms=0.00064
Qms=3.23
Qes=0.5
Rms=2.93964845430851
Mms=0.0577
Sd=0.03464
Vas=0.10893824858112
Dia=0
Vd=0.00020784
no=0.00380643513933967
Dd=0.210011946873567
EBP=52.3808128711176
numVC=2
Hc=0
Hg=0
SPLmax=103.990537421807
SPLmaxLF=86.91899427442
USPL=91.9984954361892
alfaVC=0
Rt=0
Ct=0
gamma=134.255376174954
Rme=18.9901290148329
Mpow=4.35776651678735
Mcost=0
Gloss=0.0603566618666667
VCCon=1
c=343.684120962152
roo=1.20095217714682
Thick=0.0038
Depth=0.1052
MagDepth=0
Magnet=0
Basket=0.227
Outer=0.27
Vcd=0
DVol=0
ParState=CCECEENNCENEEECCEECCNCCENNCCCNNNCCCCNCEENNEENNNCC
