[Driver]
Brand=Dayton
Model=SD270A
Manufacturer=Dayton Audio
ProvidedBy=User
Comment=
DateAdded=20211204
DateModified=20211204
Qts=0.43
Znom=4
Fs=26.2
Pe=0
SPL=87.9454565929837
Re=12.5623521523853
Le=0.00112
fLe=0
KLe=0
BL=15.6
Xmax=0.006
Cms=0.000632160943588399
Qms=3.23
Qes=0.496035714285714
Rms=2.97501155864721
Mms=0.0583727320177463
Sd=0.03464
Vas=0.107603915649857
Dia=0
Vd=0.00020784
no=0.00379402630844649
Dd=0.210011946873567
EBP=52.8187774497804
numVC=2
Hc=0
Hg=0
SPLmax=0
SPLmaxLF=86.91899427442
USPL=92.0110755813671
alfaVC=0
Rt=0
Ct=0
gamma=133.62403523667
Rme=19.3721682888655
Mpow=4.40138254289099
Mcost=0
Gloss=0.0603124687740451
VCCon=2
c=343.684120962152
roo=1.20095217714682
Thick=0
Depth=0
MagDepth=0
Magnet=0
Basket=0
Outer=0
Vcd=0
DVol=0
ParState=CENCCENNEENCECECCECENCCENNNCCNNNCCCCNCNNNNNNNNNCC
