[ProjectInfo]
Description=
Creator=User
CreateDate=20211027
ModifyDate=20211028

[Driver]
Brand=Hi-Vi
Model=F8
Manufacturer=Hi-Vi Research
ProvidedBy=User
Comment=
DateAdded=20211025
DateModified=20211025
Qts=0.446179825192905
Znom=8
Fs=34.8744023000328
Pe=60
SPL=87.2163922640485
Re=6.5
Le=0
fLe=0
KLe=0
BL=10.1
Xmax=0.005
Cms=0.00059
Qms=4.71
Qes=0.492869513840052
Rms=1.64225442125833
Mms=0.0353
Sd=0.0214
Vas=0.038328710322
Dia=0
Vd=0.000107
no=0.00320770118918148
Dd=0.165067641460501
EBP=70.7578807792732
numVC=1
Hc=0
Hg=0
SPLmax=101.997904767885
SPLmaxLF=81.1520871535451
USPL=88.1229874081058
alfaVC=0.0039
Rt=0
Ct=0
gamma=286.118980169972
Rme=15.6938461538462
Mpow=3.96154592979132
Mcost=0
Gloss=0.04084861991
VCCon=1
c=343.684120962152
roo=1.20095217714682
Thick=0.006
Depth=0.107
MagDepth=0
Magnet=0
Basket=0.187
Outer=0.239
Vcd=0
DVol=0
ParState=ECECENNNEENEECCCEECCNCCENNCCCNNNCCCCNCEENNEENNNCC

[Box]
BType=0
Vf=0
Ff=0
Qlf=10
Qaf=100
Qpf=100
Vr=0.0261571127457715
Fr=57.0179346928039
Qlr=10
Qar=100
Qpr=100
Vc=0
Fc=0
Qlc=0
Qac=0
Qpc=0
Qiclfr=100
Qiclfc=0
Qiclcr=0
T=293.15
p=101325
phi=0.3
d=1
Med=0
Nd=1
Angle=0
Isobarik=0
alfaVC=0.0039
dTVC=0
Sdfport=0
Sdrport=0

[VentFront]
Num=1
Shape=1
Fb=0
Vb=0
dia1=0.102
dia2=0.102
carea=0
len=0
endcorrection=0.732
crosscalc=1

[VentRear]
Num=1
Shape=1
Fb=0
Vb=0
dia1=0.102
dia2=0.102
carea=0
len=0
endcorrection=0.732
crosscalc=1

[VentIntra]
Num=1
Shape=1
Fb=0
Vb=0
dia1=0.102
dia2=0.102
carea=0
len=0
endcorrection=0.732
crosscalc=1

[PlotSettings]
Color=16719647
Width=1

[SignalSource]
Rg=0.1
P=1

[Filters]
Count=0

[SimulatorOptions]
VCInd=0
FlatResponse=0
TLPorts=0
